0	0.0019	0.0021	0	0.05	0.04
0	0.002005	0.002205	0	0.0405	0.0295
0	0.00211525	0.002205	0	0.030525	0.018475
0	0.00223101	0.00210026	0	0.0200513	0.00689875
0	0.00223101	0.00210026	0	0.00905382	-0.00525631
0	0.00211554	0.00210026	0	0.00905382	-0.00525631
0	0.00199429	0.00200101	0	0.00905382	-0.00525631
0	0.00186698	0.00210523	0	0.00905382	-0.00525631
0	0.00173331	0.00210523	0	0.00905382	0.00568621
0	0.00173331	0.00210523	0	0.00905382	0.00568621
0	0.00173331	0.00210523	0	0.00905382	0.00568621
0	0.00173331	0.00210523	0	0.00905382	-0.00468319
0	0.00161297	0.0020161	0	0.00905382	-0.00468319
0	0.00148661	0.00210968	0	0.00905382	-0.00468319
0	0.00135394	0.00210968	0	0.00905382	-0.00468319
0	0.00121463	0.00201633	0	0.00905382	0.0046518
0	0.0013609	0.00191832	0	0.00905382	0.0046518
0	0.0013609	0.00191832	0	0.00905382	0.0046518
0	0.0013609	0.00191832	0	0.00905382	-0.00419427
0	0.00122229	0.0020112	0	0.0146852	-0.00419427
0	0.00107675	0.0020112	0	0.0146852	-0.00419427
0	0.000923927	0.00210385	0	0.0146852	0.00418848
0	0.00108439	0.00210385	0	0.0146852	0.00418848
0	0.00108439	0.00210385	0	0.0146852	0.00418848
0	0.00108439	0.00210385	0	0.0146852	-0.00375523
0	0.000932331	0.00218726	0	0.0146852	-0.00375523
0	0.000772671	0.00218726	0	0.0146852	-0.00375523
0	0.000605028	0.00218726	0	0.0146852	0.00377243
0	0.000781054	0.00218726	0	0.0146852	0.00377243
0	0.000781054	0.00218726	0	0.0146852	0.00377243
0	0.000781054	0.00218726	0	0.0146852	-0.00336097
0	0.000614248	0.00225503	0	0.0146852	-0.00336097
0	0.000439102	0.00232618	0	0.0146852	-0.00336097
0	0.000255198	0.00232618	0	0.0146852	0.00339882
0	6.20995e-05	0.00239716	0	0.0146852	0.00339882
0	6.20995e-05	0.00239716	0	0.0146852	0.00339882
0	6.20995e-05	0.00239716	0	0.0146852	-0.00300692
0	-0.000120886	0.00246442	0	0.0146852	-0.00300692
0	-0.00031302	0.00253504	0	0.0146852	-0.00300692
0	-0.000514761	0.0026092	0	0.0146852	0.00306332
0	-0.000302933	0.00253134	0	0.0146852	0.00306332
0	-0.000525352	0.00261309	0	0.0146852	0.00306332
0	-0.000525352	0.00261309	0	0.0146852	-0.00268899
0	-0.000747216	0.00261309	0	0.0146852	-0.00268899
0	-0.000980172	0.00261309	0	0.0164117	-0.00268899
0	-0.00122478	0.00268669	0	0.0164117	0.00276204
0	-0.000967942	0.00268669	0	0.0146895	0.00276204
0	-0.000698266	0.00261328	0	0.0146895	0.00276204
0	-0.000698266	0.00261328	0	0.0146895	-0.0024035
0	-0.000967268	0.00261328	0	0.0146895	-0.0024035
0	-0.000967268	0.00261328	0	0.0146895	-0.0024035
0	-0.000967268	0.00261328	0	0.0161623	0.0024915
0	-0.000967268	0.00261328	0	0.0161623	0.0024915
0	-0.000967268	0.00261328	0	0.0161623	0.0024915
0	-0.000967268	0.00261328	0	0.0161623	-0.00214712
0	-0.000967268	0.00255944	0	0.0148364	-0.00214712
0	-0.000759639	0.00255944	0	0.0148364	-0.00214712
0	-0.000977649	0.00255944	0	0.0148364	-0.00214712
0	-0.000748739	0.00250843	0	0.0148364	0.00202877
0	-0.000748739	0.00250843	0	0.0148364	0.00202877
0	-0.000748739	0.00250843	0	0.0148364	0.00202877
0	-0.000748739	0.00250843	0	0.0148364	0.00202877
0	-0.000748739	0.00250843	0	0.0148364	-0.00173055
0	-0.000552968	0.00250843	0	0.0158087	-0.00173055
0	-0.000758528	0.00254988	0	0.0168295	-0.00173055
0	-0.000758528	0.00254988	0	0.0168295	0.00183187
0	-0.000963574	0.00254988	0	0.0178478	0.00183187
0	-0.000963574	0.00254988	0	0.0178478	0.00183187
0	-0.000963574	0.00254988	0	0.0178478	-0.00154397
0	-0.000769267	0.00251443	0	0.0178478	-0.00154397
0	-0.000973289	0.00247721	0	0.0178478	-0.00154397
0	-0.00118751	0.00243813	0	0.0178478	-0.00154397
0	-0.00141245	0.00243813	0	0.0178478	0.00149511
0	-0.00164863	0.00247711	0	0.0170619	0.00149511
0	-0.00189662	0.00247711	0	0.0170618	0.00149511
0	-0.00215701	0.00247711	0	0.0170618	-0.0013848
0	-0.00215701	0.00247711	0	0.016317	-0.0013848
0	-0.00189727	0.00244202	0	0.016317	-0.0013848
0	-0.00189727	0.00240517	0	0.016317	0.00134428
0	-0.00215636	0.00240517	0	0.0156112	0.00134428
0	-0.0024284	0.00240517	0	0.0156112	0.00134427
0	-0.0024284	0.00240517	0	0.0156112	-0.00124186
0	-0.00269977	0.002372	0	0.0156112	-0.00124186
0	-0.0029847	0.002372	0	0.0149758	-0.00124186
0	-0.0029847	0.002372	0	0.0149758	0.00120883
0	-0.00326892	0.00234057	0	0.0149758	0.00120883
0	-0.00326892	0.00234057	0	0.0149758	0.00120883
0	-0.00326892	0.00234057	0	0.0149758	-0.00111351
0	-0.00299958	0.00234057	0	0.0149758	-0.00111351
0	-0.00299958	0.00234057	0	0.0149758	-0.00111351
0	-0.00299958	0.00234057	0	0.0149758	0.00108719
0	-0.00274436	0.00236611	0	0.0145099	0.00108719
0	-0.00301234	0.00233929	0	0.0145099	0.00108719
0	-0.00301234	0.00233929	0	0.0145099	-0.000998245
0	-0.00274503	0.00231254	0	0.0145099	-0.000998245
0	-0.00246434	0.00234063	0	0.0145099	-0.000998245
0	-0.00246434	0.00234063	0	0.0145099	0.000977969
0	-0.00274432	0.00234063	0	0.0145099	0.000977969
0	-0.00303831	0.00231401	0	0.0145099	0.000977969
0	-0.00303831	0.00231401	0	0.0145099	-0.000894741
0	-0.00303831	0.00228746	0	0.0141854	-0.000894741
0	-0.0030383	0.00228746	0	0.0141854	-0.000894741
0	-0.0030383	0.00228746	0	0.0141854	0.000879886
0	-0.00328973	0.00231262	0	0.0141854	0.000879886
0	-0.00355372	0.00231262	0	0.0141854	0.000879886
0	-0.00355372	0.00231262	0	0.0144629	-0.000801795
0	-0.00329039	0.00231262	0	0.0141715	-0.000801795
0	-0.00301389	0.00233527	0	0.0144775	-0.000801795
0	-0.00301389	0.00233527	0	0.0141562	0.000791808
0	-0.0032897	0.00235786	0	0.0141562	0.000791808
0	-0.0032897	0.00238158	0	0.0141562	0.000791808
0	-0.0032897	0.00240649	0	0.0141562	-0.00071833
0	-0.0032897	0.00243265	0	0.0141562	-0.00071833
0	-0.0032897	0.00246011	0	0.0141562	-0.00071833
0	-0.0032897	0.00246011	0	0.0138951	0.000712714
0	-0.00351378	0.0024875	0	0.013621	0.000712715
0	-0.00327849	0.0024875	0	0.013621	0.000712715
0	-0.00303144	0.0024875	0	0.013621	-0.000643379
0	-0.00277203	0.0024875	0	0.0133613	-0.000643379
0	-0.00249965	0.0024875	0	0.0133613	-0.000643379
0	-0.00249965	0.0024875	0	0.0133613	0.000641689
0	-0.00222795	0.0024875	0	0.0133613	0.000641689
0	-0.00222795	0.0024875	0	0.0133613	0.000641689
0	-0.00222795	0.0024875	0	0.0133613	-0.000576073
0	-0.00222795	0.0024875	0	0.0135723	-0.000576073
0	-0.00222795	0.0024875	0	0.0135723	-0.000576073
0	-0.00222795	0.0024875	0	0.0135723	-0.000576073
0	-0.00222795	0.00250386	0	0.0135723	0.00052021
0	-0.00243766	0.00250386	0	0.0133823	0.00052021
0	-0.00265786	0.00252018	0	0.0133823	0.00052021
0	-0.00265786	0.00252018	0	0.0133823	0.00052021
0	-0.00265786	0.00252018	0	0.0133823	-0.000466712
0	-0.00286652	0.00252018	0	0.0135534	-0.000466712
0	-0.00286652	0.00250549	0	0.0135534	-0.000466712
0	-0.00286652	0.00250549	0	0.0135534	-0.000466712
0	-0.00286652	0.00250549	0	0.0135534	0.000421758
0	-0.00305436	0.00250549	0	0.0135534	0.000421758
0	-0.00305436	0.00250549	0	0.0135534	0.000421758
0	-0.00305436	0.00250549	0	0.0135534	-0.000420179
0	-0.00287636	0.00251742	0	0.0135534	-0.000420179
0	-0.00287636	0.00252996	0	0.013428	-0.000420179
0	-0.00287636	0.00254312	0	0.013428	0.000377662
0	-0.00270767	0.00255693	0	0.013428	0.000377662
0	-0.00270767	0.00257144	0	0.013428	0.000377662
0	-0.00253941	0.00258668	0	0.013428	0.000377662
0	-0.00253941	0.00260267	0	0.013428	-0.000340589
0	-0.00270725	0.00261947	0	0.013428	-0.000340589
0	-0.00270725	0.00261947	0	0.013428	-0.000340589
0	-0.00270725	0.00261947	0	0.013428	-0.000340589
0	-0.00270725	0.00261947	0	0.013428	0.000306011
0	-0.00255615	0.00263459	0	0.013345	0.000306012
0	-0.0027148	0.00261871	0	0.013345	0.000306012
0	-0.00254822	0.00260204	0	0.013345	0.000306012
0	-0.00254822	0.00258454	0	0.013345	0.000306012
0	-0.00254822	0.00258454	0	0.013345	-0.000246982
0	-0.00270608	0.00258454	0	0.013345	-0.000246982
0	-0.00287183	0.00258454	0	0.013345	-0.000246982
0	-0.00287184	0.00258454	0	0.0132809	-0.000246982
0	-0.00303718	0.00258454	0	0.0132809	-0.000246982
0	-0.00303718	0.00258454	0	0.0132809	0.000225956
0	-0.00287225	0.00257103	0	0.0132202	0.000225956
0	-0.00269907	0.00257103	0	0.0131565	0.000225956
0	-0.00251724	0.00258451	0	0.0130895	0.000225956
0	-0.00251724	0.00258451	0	0.0130193	0.000225956
0	-0.00251724	0.00258451	0	0.0130193	-0.000178515
0	-0.00268955	0.00259728	0	0.0130193	-0.000178515
0	-0.00287048	0.00261069	0	0.0130193	-0.000178515
0	-0.00287048	0.00261069	0	0.0130193	-0.000178515
0	-0.00287048	0.00261069	0	0.0130193	-0.000178515
0	-0.00287048	0.00261069	0	0.0130193	0.000167401
0	-0.00287047	0.00261069	0	0.0130193	0.000167401
0	-0.00287047	0.00261069	0	0.0130193	0.000167401
0	-0.00287047	0.00262158	0	0.0129703	-0.000160398
0	-0.00287047	0.00262158	0	0.0130217	-0.000160398
0	-0.00287047	0.00263245	0	0.0130217	-0.000160398
0	-0.00287047	0.00264386	0	0.0130217	-0.000160398
0	-0.00287047	0.00265584	0	0.0130217	0.000134701
0	-0.00275673	0.00265584	0	0.0129754	0.000134701
0	-0.00287616	0.00264389	0	0.0129754	0.000134701
0	-0.00287616	0.00264389	0	0.0129754	0.000134701
0	-0.00287616	0.00264389	0	0.0129754	0.000134701
0	-0.00287616	0.00264389	0	0.0129754	0.000134701
0	-0.00287616	0.00264389	0	0.0129754	-0.000105058
0	-0.00277402	0.00265411	0	0.0129378	-0.000105058
0	-0.00277402	0.00265411	0	0.0129378	-0.000105058
0	-0.00277402	0.00265411	0	0.0129378	-0.000105058
0	-0.00277402	0.00265411	0	0.0129378	-0.000105058
